2.069641978767776322e+02
9.958847045898438921e+01
8.065410917144865266e+01
4.083486080169677734e+01
3.158227516171333349e+01
2.047577571868896484e+01
1.878061580657958984e+01
2.070474514820995893e+01
1.757685232162475586e+01
1.151910413842761471e+01
1.780230217254176850e+01
1.550939110323444581e+01
2.113531172275543213e+01
1.216157296299934387e+01
1.286197596788406550e+01
7.618662370532156558e+00
1.883509874343872070e+01
8.155675603659418016e+00
9.237725734710693359e+00
7.278257966041564941e+00
6.107851713320460590e-02
1.447121071445292273e+03
4.866482107900099545e-03
