-7.185494995117187500e+02
1.150880889892577983e+02
-2.697250161752179909e-01
1.291785907745361150e+01
-1.178567672726509663e+01
-1.242216682434082031e+01
7.174817085266113281e+00
-9.448990821838380683e+00
-7.189757823944091797e+00
-3.977391958236694336e+00
-1.487787532806396484e+01
3.118187665939331055e+00
-1.928669548034667969e+01
-2.710337936878203791e-01
-1.228009223937988459e+01
-2.057211412280202989e+00
-7.240288257598876953e+00
-2.188942148001458143e+00
-5.724007606506347656e+00
-1.874305844306945579e+00
7.422252051158299661e-03
3.444064876859936248e+02
1.047165715135599902e-03
